1 3 0.22 0.6
2 3 0.9 0.85
1 4 0.9 0.49
3 4 0.78 0.92
1 5 0.52 0.16
2 5 0.14 0.79
1 6 0.14 0.2
2 6 0.71 0.04
3 6 0.3 0.11
3 7 0.45 0.79
5 7 0.88 0.37
6 7 0.46 0.16
3 8 0.73 0.03
4 8 0.75 0.4
6 8 0.73 0.9
7 8 0.85 0.47
2 9 0.59 0.62
5 9 0.42 0.3
6 9 0.22 0.76
2 10 0.98 0.49
9 10 0.41 0.71
6 11 0.5 0.12
7 11 0.31 0.5
8 11 0.06 0.19
9 11 0.6 0.02
10 11 0.03 0.63
1 12 0.4 0.34
6 12 0.96 0.33
7 12 0.6 0.91
8 12 0.78 0.49
11 12 0.98 0.22
6 13 0.91 0.2
7 13 0.56 0.2
9 13 0.56 0.41
10 13 0.76 0.85
11 13 0.68 0.42
5 14 0.22 0.05
8 14 0.81 0.56
12 14 0.83 0.2
13 14 0.81 0.72
1 15 0.3 0.4
2 15 0.73 0.52
5 15 1 0.74
9 15 0.02 0.28
10 15 0.25 0.65
11 15 0.51 0.49
12 15 0.24 0.16
13 15 0.88 0.81
1 16 0.53 0.26
2 16 0.89 0.54
5 16 0.46 0.3
6 16 0.42 0.34
11 16 0.04 0.39
12 16 0.13 0.12
13 16 0.6 0.55
14 16 0.69 0.96
15 16 0.1 0.06